{
  "id": "sample-01",
  "ref1_path": "sample_000000/1.ply",
  "ref2_path": "sample_000000/2.ply",
  "cand1_path": "sample_000000/3.ply",
  "cand2_path": "sample_000000/4.ply",
  "cand3_path": "sample_000000/5.ply",
  "cand4_path": "sample_000000/6.ply",
  "gt_option": "C",
  "point_count": 32768,
  "cand1_reason": "修改尺度，派生 size(O0) 不再满足 arithmetic 模式变换（尺度被缩放）",
  "cand2_reason": "修改尺度，派生 size(O0) 不再满足 arithmetic 模式变换（尺度被缩放）",
  "cand3_reason": "符合原规则的正确延续",
  "cand4_reason": "修改尺度，派生 size(O0) 不再满足 arithmetic 模式变换（尺度被缩放）",
  "rule_id": "R1-1",
  "rule_meta": {
    "rule_id": "R1-1",
    "rule_group": "R1",
    "difficulty": "simple",
    "K_R": 1,
    "M_t": [
      2,
      2,
      2
    ],
    "involved_indices": [
      0
    ],
    "base_attrs_used": [
      "r"
    ],
    "derived_funcs": [
      "size(O0)"
    ],
    "pattern_type": "arithmetic",
    "pattern_params": {
      "delta": 0.46030162299670907
    },
    "v": {
      "v1": [
        1.4722394486067463
      ],
      "v2": [
        1.9325410716034555
      ],
      "v3": [
        2.392842694600165
      ]
    },
    "frames": [
      {
        "objects": [
          {
            "shape": "cylinder",
            "r": [
              1.1376979365903992,
              1.0261749948792538,
              1.261043454272661
            ],
            "p": [
              0.31585355412153215,
              -0.4972614998298519,
              0.35740427658756935
            ],
            "R": [
              [
                0.8168083616173771,
                0.1564818199066947,
                0.5552814965678442
              ],
              [
                -0.4563302892896805,
                0.7641364839559336,
                0.4559145763893272
              ],
              [
                -0.35296850775774957,
                -0.6257866041440581,
                0.695560463658707
              ]
            ],
            "rotation_euler": [
              -0.7326420650743315,
              0.3607419316805982,
              -0.5094789597740706
            ],
            "density": 1.1452715689399546,
            "volume": 1.4722394486067463
          },
          {
            "shape": "cylinder",
            "r": [
              1.024876732149455,
              0.8798271343224309,
              0.953612332718595
            ],
            "p": [
              -0.47168032885453703,
              -0.37571672350043606,
              0.17062441469363032
            ],
            "R": [
              [
                0.9672457420874326,
                0.2174869824092639,
                0.13090105765899782
              ],
              [
                -0.17872750046946825,
                0.9496818820022447,
                -0.25721742470643555
              ],
              [
                -0.18025580431616609,
                0.22539683999379218,
                0.9574466614549058
              ]
            ],
            "rotation_euler": [
              0.23120474412356695,
              0.18124650928157315,
              -0.1827188704892322
            ],
            "density": 1.1988839743156845,
            "volume": 0.8598859326459974
          }
        ]
      },
      {
        "objects": [
          {
            "shape": "cylinder",
            "r": [
              1.2456912038661696,
              1.1235822124978665,
              1.3807450010749367
            ],
            "p": [
              0.31585355412153215,
              -0.4972614998298519,
              0.35740427658756935
            ],
            "R": [
              [
                0.8168083616173771,
                0.1564818199066947,
                0.5552814965678442
              ],
              [
                -0.4563302892896805,
                0.7641364839559336,
                0.4559145763893272
              ],
              [
                -0.35296850775774957,
                -0.6257866041440581,
                0.695560463658707
              ]
            ],
            "rotation_euler": [
              -0.7326420650743315,
              0.3607419316805982,
              -0.5094789597740706
            ],
            "density": 1.1452715689399546,
            "volume": 1.9325410716034555
          },
          {
            "shape": "cylinder",
            "r": [
              1.024876732149455,
              0.8798271343224309,
              0.953612332718595
            ],
            "p": [
              -0.47168032885453703,
              -0.37571672350043606,
              0.17062441469363032
            ],
            "R": [
              [
                0.9672457420874326,
                0.2174869824092639,
                0.13090105765899782
              ],
              [
                -0.17872750046946825,
                0.9496818820022447,
                -0.25721742470643555
              ],
              [
                -0.18025580431616609,
                0.22539683999379218,
                0.9574466614549058
              ]
            ],
            "rotation_euler": [
              0.23120474412356695,
              0.18124650928157315,
              -0.1827188704892322
            ],
            "density": 1.1988839743156845,
            "volume": 0.8598859326459974
          }
        ]
      },
      {
        "objects": [
          {
            "shape": "cylinder",
            "r": [
              1.3376388381320883,
              1.206516671713607,
              1.4826612994154147
            ],
            "p": [
              0.31585355412153215,
              -0.4972614998298519,
              0.35740427658756935
            ],
            "R": [
              [
                0.8168083616173771,
                0.1564818199066947,
                0.5552814965678442
              ],
              [
                -0.4563302892896805,
                0.7641364839559336,
                0.4559145763893272
              ],
              [
                -0.35296850775774957,
                -0.6257866041440581,
                0.695560463658707
              ]
            ],
            "rotation_euler": [
              -0.7326420650743315,
              0.3607419316805982,
              -0.5094789597740706
            ],
            "density": 1.1452715689399546,
            "volume": 2.392842694600165
          },
          {
            "shape": "cylinder",
            "r": [
              1.024876732149455,
              0.8798271343224309,
              0.953612332718595
            ],
            "p": [
              -0.47168032885453703,
              -0.37571672350043606,
              0.17062441469363032
            ],
            "R": [
              [
                0.9672457420874326,
                0.2174869824092639,
                0.13090105765899782
              ],
              [
                -0.17872750046946825,
                0.9496818820022447,
                -0.25721742470643555
              ],
              [
                -0.18025580431616609,
                0.22539683999379218,
                0.9574466614549058
              ]
            ],
            "rotation_euler": [
              0.23120474412356695,
              0.18124650928157315,
              -0.1827188704892322
            ],
            "density": 1.1988839743156845,
            "volume": 0.8598859326459974
          }
        ]
      }
    ]
  }
}
