{
  "id": "sample-02",
  "ref1_path": "sample_000001/1.ply",
  "ref2_path": "sample_000001/2.ply",
  "cand1_path": "sample_000001/3.ply",
  "cand2_path": "sample_000001/4.ply",
  "cand3_path": "sample_000001/5.ply",
  "cand4_path": "sample_000001/6.ply",
  "gt_option": "B",
  "point_count": 4096,
  "cand1_reason": "修改尺度，派生 size(O0) 不再满足 geometric 模式变换（尺度被缩放）",
  "cand2_reason": "符合原规则的正确延续",
  "cand3_reason": "修改尺度，派生 size(O0) 不再满足 geometric 模式变换（尺度被缩放）",
  "cand4_reason": "修改尺度，派生 size(O0) 不再满足 geometric 模式变换（尺度被缩放）",
  "rule_id": "S01",
  "rule_meta": {
    "rule_id": "S01",
    "rule_group": "R1",
    "difficulty": "simple",
    "K_R": 1,
    "M_t": [
      3,
      3,
      3
    ],
    "involved_indices": [
      0
    ],
    "base_attrs_used": [
      "r"
    ],
    "derived_funcs": [
      "size(O0)"
    ],
    "pattern_type": "geometric",
    "pattern_params": {
      "k": 1.5369344112530696
    },
    "v": {
      "v1": [
        0.7552376959022723
      ],
      "v2": [
        2.741887689570844
      ],
      "v3": [
        9.954413217203829
      ]
    },
    "frames": [
      {
        "objects": [
          {
            "shape": "sphere",
            "r": [
              0.9537237414111985,
              0.8683972192701688,
              0.9118903937199566
            ],
            "p": [
              0.44110236289252003,
              -0.2896161176040206,
              0.13047338105236406
            ],
            "R": [
              [
                0.7204297604131797,
                0.20445875972494534,
                0.6627047426137416
              ],
              [
                -0.4975092299825245,
                0.8180982291868728,
                0.28844384805971934
              ],
              [
                -0.48318270498146354,
                -0.537505258553849,
                0.691102431361485
              ]
            ],
            "rotation_euler": [
              -0.6610261697775155,
              0.5042862998227442,
              -0.6043709550875282
            ],
            "density": 0.9626875129964383,
            "volume": 0.7552376959022723
          },
          {
            "shape": "cone",
            "r": [
              0.8941833567697031,
              0.7959370715516167,
              1.0224238184671948
            ],
            "p": [
              -0.379316842463048,
              -0.10354291587357112,
              -0.29787321713692183
            ],
            "R": [
              [
                0.7695932723480351,
                0.546004792904157,
                0.3310664001108111
              ],
              [
                -0.4653580616238338,
                0.8346179787256399,
                -0.29471122148577156
              ],
              [
                -0.437227709138329,
                0.0727433551165738,
                0.8964041134711692
              ]
            ],
            "rotation_euler": [
              0.0809727463436154,
              0.4525138086723257,
              -0.5438539550771011
            ],
            "density": 0.9805329225417199,
            "volume": 0.7276730208326201
          },
          {
            "shape": "cone",
            "r": [
              1.123026797539504,
              1.058023601519753,
              1.0028540289710595
            ],
            "p": [
              -0.39456945375654773,
              -0.08182691767861472,
              -0.3983827356737851
            ],
            "R": [
              [
                0.7042016744052552,
                0.6956898840315942,
                -0.1418294293189602
              ],
              [
                -0.6903196535090925,
                0.6241754695746828,
                -0.3658739662237675
              ],
              [
                -0.16600836648772094,
                0.3555567021409258,
                0.919793810491649
              ]
            ],
            "rotation_euler": [
              0.36886789122976715,
              0.16678047860127743,
              -0.7754438069485659
            ],
            "density": 1.059774179598493,
            "volume": 1.191579982356726
          }
        ]
      },
      {
        "objects": [
          {
            "shape": "sphere",
            "r": [
              1.4658108370038951,
              1.3346695689327996,
              1.4015157253993114
            ],
            "p": [
              0.44110236289252003,
              -0.2896161176040206,
              0.13047338105236406
            ],
            "R": [
              [
                0.7204297604131797,
                0.20445875972494534,
                0.6627047426137416
              ],
              [
                -0.4975092299825245,
                0.8180982291868728,
                0.28844384805971934
              ],
              [
                -0.48318270498146354,
                -0.537505258553849,
                0.691102431361485
              ]
            ],
            "rotation_euler": [
              -0.6610261697775155,
              0.5042862998227442,
              -0.6043709550875282
            ],
            "density": 0.9626875129964383,
            "volume": 2.741887689570844
          },
          {
            "shape": "cone",
            "r": [
              0.8941833567697031,
              0.7959370715516167,
              1.0224238184671948
            ],
            "p": [
              -0.379316842463048,
              -0.10354291587357112,
              -0.29787321713692183
            ],
            "R": [
              [
                0.7695932723480351,
                0.546004792904157,
                0.3310664001108111
              ],
              [
                -0.4653580616238338,
                0.8346179787256399,
                -0.29471122148577156
              ],
              [
                -0.437227709138329,
                0.0727433551165738,
                0.8964041134711692
              ]
            ],
            "rotation_euler": [
              0.0809727463436154,
              0.4525138086723257,
              -0.5438539550771011
            ],
            "density": 0.9805329225417199,
            "volume": 0.7276730208326201
          },
          {
            "shape": "cone",
            "r": [
              1.123026797539504,
              1.058023601519753,
              1.0028540289710595
            ],
            "p": [
              -0.39456945375654773,
              -0.08182691767861472,
              -0.3983827356737851
            ],
            "R": [
              [
                0.7042016744052552,
                0.6956898840315942,
                -0.1418294293189602
              ],
              [
                -0.6903196535090925,
                0.6241754695746828,
                -0.3658739662237675
              ],
              [
                -0.16600836648772094,
                0.3555567021409258,
                0.919793810491649
              ]
            ],
            "rotation_euler": [
              0.36886789122976715,
              0.16678047860127743,
              -0.7754438069485659
            ],
            "density": 1.059774179598493,
            "volume": 1.191579982356726
          }
        ]
      },
      {
        "objects": [
          {
            "shape": "sphere",
            "r": [
              2.2528551157789507,
              2.051299588145121,
              2.1540377462785094
            ],
            "p": [
              0.44110236289252003,
              -0.2896161176040206,
              0.13047338105236406
            ],
            "R": [
              [
                0.7204297604131797,
                0.20445875972494534,
                0.6627047426137416
              ],
              [
                -0.4975092299825245,
                0.8180982291868728,
                0.28844384805971934
              ],
              [
                -0.48318270498146354,
                -0.537505258553849,
                0.691102431361485
              ]
            ],
            "rotation_euler": [
              -0.6610261697775155,
              0.5042862998227442,
              -0.6043709550875282
            ],
            "density": 0.9626875129964383,
            "volume": 9.954413217203829
          },
          {
            "shape": "cone",
            "r": [
              0.8941833567697031,
              0.7959370715516167,
              1.0224238184671948
            ],
            "p": [
              -0.379316842463048,
              -0.10354291587357112,
              -0.29787321713692183
            ],
            "R": [
              [
                0.7695932723480351,
                0.546004792904157,
                0.3310664001108111
              ],
              [
                -0.4653580616238338,
                0.8346179787256399,
                -0.29471122148577156
              ],
              [
                -0.437227709138329,
                0.0727433551165738,
                0.8964041134711692
              ]
            ],
            "rotation_euler": [
              0.0809727463436154,
              0.4525138086723257,
              -0.5438539550771011
            ],
            "density": 0.9805329225417199,
            "volume": 0.7276730208326201
          },
          {
            "shape": "cone",
            "r": [
              1.123026797539504,
              1.058023601519753,
              1.0028540289710595
            ],
            "p": [
              -0.39456945375654773,
              -0.08182691767861472,
              -0.3983827356737851
            ],
            "R": [
              [
                0.7042016744052552,
                0.6956898840315942,
                -0.1418294293189602
              ],
              [
                -0.6903196535090925,
                0.6241754695746828,
                -0.3658739662237675
              ],
              [
                -0.16600836648772094,
                0.3555567021409258,
                0.919793810491649
              ]
            ],
            "rotation_euler": [
              0.36886789122976715,
              0.16678047860127743,
              -0.7754438069485659
            ],
            "density": 1.059774179598493,
            "volume": 1.191579982356726
          }
        ]
      }
    ]
  }
}