{
  "id": "sample-02",
  "ref1_path": "sample_000001/1.ply",
  "ref2_path": "sample_000001/2.ply",
  "cand1_path": "sample_000001/3.ply",
  "cand2_path": "sample_000001/4.ply",
  "cand3_path": "sample_000001/5.ply",
  "cand4_path": "sample_000001/6.ply",
  "gt_option": "C",
  "point_count": 4096,
  "cand1_reason": "改变姿态，派生 ang(0,1) 与 rigid-rotation 模式变换失配",
  "cand2_reason": "改变姿态，派生 ang(0,1) 与 rigid-rotation 模式变换失配",
  "cand3_reason": "符合原规则的正确延续",
  "cand4_reason": "改变姿态，派生 ang(0,1) 与 rigid-rotation 模式变换失配",
  "rule_id": "C11",
  "rule_meta": {
    "rule_id": "C11",
    "rule_group": "R2",
    "difficulty": "complex",
    "K_R": 2,
    "M_t": [
      2,
      2,
      2
    ],
    "involved_indices": [
      0,
      1
    ],
    "base_attrs_used": [
      "R"
    ],
    "derived_funcs": [
      "ang(0,1)"
    ],
    "pattern_type": "rigid-rotation",
    "pattern_params": {
      "axis": 1,
      "theta": 0.21500756138463833
    },
    "v": {
      "v1": [
        0.3863502001260405
      ],
      "v2": [
        0.38654944111218936
      ],
      "v3": [
        0.38636945527185595
      ]
    },
    "frames": [
      {
        "objects": [
          {
            "shape": "sphere",
            "r": [
              0.7132361043676866,
              1.1827018922392696,
              0.8076044855982223
            ],
            "p": [
              -0.48870738840365635,
              0.27438675093108766,
              0.1538140450465011
            ],
            "R": [
              [
                0.9861394537521729,
                0.15465587984895443,
                -0.06008774069235642
              ],
              [
                -0.1633131002783317,
                0.968692824413735,
                -0.186984072067169
              ],
              [
                0.029288377060630533,
                0.1942054859098642,
                0.9805235439354162
              ]
            ],
            "rotation_euler": [
              0.19553241823889844,
              -0.0292925659835388,
              -0.16411895774458307
            ],
            "density": 1.09422755203306,
            "volume": 0.6812512832521638
          },
          {
            "shape": "sphere",
            "r": [
              1.097418118374249,
              0.9158338077596916,
              1.0307239619632804
            ],
            "p": [
              -0.46468108626011717,
              0.044498034602361125,
              0.16611214380936967
            ],
            "R": [
              [
                0.911052102115597,
                -0.10460941321180518,
                -0.398799370483748
              ],
              [
                -0.09884646869775064,
                0.8836451001756538,
                -0.4576032261266777
              ],
              [
                0.4002667146500399,
                0.45632029058879303,
                0.7947064549506458
              ]
            ],
            "rotation_euler": [
              0.5212327032628281,
              -0.4118078740951987,
              -0.10807430703176801
            ],
            "density": 1.1276796760841352,
            "volume": 1.035931812340491
          }
        ]
      },
      {
        "objects": [
          {
            "shape": "sphere",
            "r": [
              0.7132361043676866,
              1.1827018922392696,
              0.8076044855982223
            ],
            "p": [
              -0.48870738840365635,
              0.27438675093108766,
              0.1538140450465011
            ],
            "R": [
              [
                0.9695982258206571,
                0.19566304694223602,
                0.14695323251536258
              ],
              [
                -0.16057373192061336,
                0.9619016879612243,
                -0.22127182223327588
              ],
              [
                -0.1846492813485091,
                0.19094793729869877,
                0.9640765157075715
              ]
            ],
            "rotation_euler": [
              0.19553241823889844,
              0.18571499540109954,
              -0.16411895774458307
            ],
            "density": 1.09422755203306,
            "volume": 0.6812512832521638
          },
          {
            "shape": "sphere",
            "r": [
              1.097418118374249,
              0.9158338077596916,
              1.0307239619632804
            ],
            "p": [
              -0.46468108626011717,
              0.044498034602361125,
              0.16611214380936967
            ],
            "R": [
              [
                0.9749755127010492,
                -0.0032568611210510036,
                -0.2222884218509017
              ],
              [
                -0.10578197039827429,
                0.8726486469054052,
                -0.476754143970269
              ],
              [
                0.195532412586724,
                0.48833772320987395,
                0.850466544737776
              ]
            ],
            "rotation_euler": [
              0.5212327032628281,
              -0.19680031271056037,
              -0.10807430703176801
            ],
            "density": 1.1276796760841352,
            "volume": 1.035931812340491
          }
        ]
      },
      {
        "objects": [
          {
            "shape": "sphere",
            "r": [
              0.7132361043676866,
              1.1827018922392696,
              0.8076044855982223
            ],
            "p": [
              -0.48870738840365635,
              0.27438675093108766,
              0.1538140450465011
            ],
            "R": [
              [
                0.9084065748614104,
                0.23504034046575978,
                0.3457651415372873
              ],
              [
                -0.15043987286925897,
                0.9553804724663693,
                -0.25419676921829315
              ],
              [
                -0.3900837594666584,
                0.17889715253093524,
                0.9032333416214668
              ]
            ],
            "rotation_euler": [
              0.19553241823889844,
              0.40072255678573787,
              -0.16411895774458307
            ],
            "density": 1.09422755203306,
            "volume": 0.6812512832521638
          },
          {
            "shape": "sphere",
            "r": [
              1.097418118374249,
              0.9158338077596916,
              1.0307239619632804
            ],
            "p": [
              -0.46468108626011717,
              0.044498034602361125,
              0.16611214380936967
            ],
            "R": [
              [
                0.9940008738424291,
                0.10255324484710235,
                -0.03801440216309849
              ],
              [
                -0.10784616602458129,
                0.8611685621734788,
                -0.49674733214971734
              ],
              [
                -0.01820624272841492,
                0.49786698976272104,
                0.8670622775962062
              ]
            ],
            "rotation_euler": [
              0.5212327032628281,
              0.01820724867407797,
              -0.10807430703176801
            ],
            "density": 1.1276796760841352,
            "volume": 1.035931812340491
          }
        ]
      }
    ]
  }
}