{
  "id": "sample-02",
  "ref1_path": "sample_000001/1.ply",
  "ref2_path": "sample_000001/2.ply",
  "cand1_path": "sample_000001/3.ply",
  "cand2_path": "sample_000001/4.ply",
  "cand3_path": "sample_000001/5.ply",
  "cand4_path": "sample_000001/6.ply",
  "gt_option": "A",
  "point_count": 32768,
  "cand1_reason": "符合原规则的正确延续",
  "cand2_reason": "平移参与对象，派生 dist-set 不再符合 geometric 模式变换",
  "cand3_reason": "平移参与对象，派生 dist-set 不再符合 geometric 模式变换",
  "cand4_reason": "平移参与对象，派生 dist-set 不再符合 geometric 模式变换",
  "rule_id": "M12",
  "rule_meta": {
    "rule_id": "M12",
    "rule_group": "R3",
    "difficulty": "medium",
    "K_R": 3,
    "M_t": [
      3,
      3,
      3
    ],
    "involved_indices": [
      0,
      1,
      2
    ],
    "base_attrs_used": [
      "p"
    ],
    "derived_funcs": [
      "dist-set"
    ],
    "pattern_type": "geometric",
    "pattern_params": {
      "k": 1.2585846564456344
    },
    "v": {
      "v1": [
        0.7760343449619581,
        0.4412963535026507,
        0.8748625838405963
      ],
      "v2": [
        0.9767049194439589,
        0.5554088194638449,
        1.101088624520157
      ],
      "v3": [
        1.229265825487136,
        0.6990290182317787,
        1.385813248207898
      ]
    },
    "frames": [
      {
        "objects": [
          {
            "shape": "cylinder",
            "r": [
              0.9915012152990734,
              1.2336927006094003,
              1.26042610957375
            ],
            "p": [
              -0.14220480329092977,
              0.07152983072976093,
              -0.17813060892405785
            ],
            "R": [
              [
                0.9537714170605789,
                0.1309336499686086,
                -0.2705114846067599
              ],
              [
                -0.1639614254230373,
                0.9810488106335347,
                -0.10324670516666766
              ],
              [
                0.2518665022814689,
                0.14282720490307477,
                0.957164382208236
              ]
            ],
            "rotation_euler": [
              0.14812614105433153,
              -0.25460845158808143,
              -0.1702444758647239
            ],
            "density": 1.156109740801917,
            "volume": 1.5417630636287305
          },
          {
            "shape": "sphere",
            "r": [
              1.0739122868116255,
              0.7504092061494309,
              1.1995864885920386
            ],
            "p": [
              0.28709830748868337,
              -0.26063055700704785,
              0.3764842308107038
            ],
            "R": [
              [
                0.8247659687526774,
                0.5403367214433769,
                0.16672529576306094
              ],
              [
                -0.5049193465810954,
                0.5709603407991729,
                0.6473490114942726
              ],
              [
                0.254592910811706,
                -0.6180942619813865,
                0.74373512292355
              ]
            ],
            "rotation_euler": [
              -0.6933997094578533,
              -0.2574267193192271,
              -0.5493397288063399
            ],
            "density": 0.9801357466597148,
            "volume": 0.966715161989995
          },
          {
            "shape": "cube",
            "r": [
              1.1777945621723767,
              0.8383853253962484,
              0.7312127806386457
            ],
            "p": [
              -0.0954481601784718,
              -0.30148695549074467,
              -0.4092469543808781
            ],
            "R": [
              [
                0.9159458617077579,
                -0.30248781829985183,
                -0.26371252947220486
              ],
              [
                0.25366205200864567,
                0.9456183999514964,
                -0.20362073824621774
              ],
              [
                0.31096421303937183,
                0.11961171118819179,
                0.9428649408878436
              ]
            ],
            "rotation_euler": [
              0.12618581683081487,
              -0.31620737513764413,
              0.2701689225213859
            ],
            "density": 0.8798061775872854,
            "volume": 0.72203289939657
          }
        ]
      },
      {
        "objects": [
          {
            "shape": "cylinder",
            "r": [
              0.9915012152990734,
              1.2336927006094003,
              1.26042610957375
            ],
            "p": [
              -0.18323871926018795,
              0.1323124964834461,
              -0.206014524591905
            ],
            "R": [
              [
                0.9537714170605789,
                0.1309336499686086,
                -0.2705114846067599
              ],
              [
                -0.1639614254230373,
                0.9810488106335347,
                -0.10324670516666766
              ],
              [
                0.2518665022814689,
                0.14282720490307477,
                0.957164382208236
              ]
            ],
            "rotation_euler": [
              0.14812614105433153,
              -0.25460845158808143,
              -0.1702444758647239
            ],
            "density": 1.156109740801917,
            "volume": 1.5417630636287305
          },
          {
            "shape": "sphere",
            "r": [
              1.0739122868116255,
              0.7504092061494309,
              1.1995864885920386
            ],
            "p": [
              0.3570755889314136,
              -0.2857394710011341,
              0.4920152029353206
            ],
            "R": [
              [
                0.8247659687526774,
                0.5403367214433769,
                0.16672529576306094
              ],
              [
                -0.5049193465810954,
                0.5709603407991729,
                0.6473490114942726
              ],
              [
                0.254592910811706,
                -0.6180942619813865,
                0.74373512292355
              ]
            ],
            "rotation_euler": [
              -0.6933997094578533,
              -0.2574267193192271,
              -0.5493397288063399
            ],
            "density": 0.9801357466597148,
            "volume": 0.966715161989995
          },
          {
            "shape": "cube",
            "r": [
              1.1777945621723767,
              0.8383853253962484,
              0.7312127806386457
            ],
            "p": [
              -0.12439152565194388,
              -0.33716070725034364,
              -0.4968940108376477
            ],
            "R": [
              [
                0.9159458617077579,
                -0.30248781829985183,
                -0.26371252947220486
              ],
              [
                0.25366205200864567,
                0.9456183999514964,
                -0.20362073824621774
              ],
              [
                0.31096421303937183,
                0.11961171118819179,
                0.9428649408878436
              ]
            ],
            "rotation_euler": [
              0.12618581683081487,
              -0.31620737513764413,
              0.2701689225213859
            ],
            "density": 0.8798061775872854,
            "volume": 0.72203289939657
          }
        ]
      },
      {
        "objects": [
          {
            "shape": "cylinder",
            "r": [
              0.9915012152990734,
              1.2336927006094003,
              1.26042610957375
            ],
            "p": [
              -0.23488337629297576,
              0.20881262697889777,
              -0.24110879301308147
            ],
            "R": [
              [
                0.9537714170605789,
                0.1309336499686086,
                -0.2705114846067599
              ],
              [
                -0.1639614254230373,
                0.9810488106335347,
                -0.10324670516666766
              ],
              [
                0.2518665022814689,
                0.14282720490307477,
                0.957164382208236
              ]
            ],
            "rotation_euler": [
              0.14812614105433153,
              -0.25460845158808143,
              -0.1702444758647239
            ],
            "density": 1.156109740801917,
            "volume": 1.5417630636287305
          },
          {
            "shape": "sphere",
            "r": [
              1.0739122868116255,
              0.7504092061494309,
              1.1995864885920386
            ],
            "p": [
              0.4451479216550117,
              -0.31734116489410413,
              0.6374207117956115
            ],
            "R": [
              [
                0.8247659687526774,
                0.5403367214433769,
                0.16672529576306094
              ],
              [
                -0.5049193465810954,
                0.5709603407991729,
                0.6473490114942726
              ],
              [
                0.254592910811706,
                -0.6180942619813865,
                0.74373512292355
              ]
            ],
            "rotation_euler": [
              -0.6933997094578533,
              -0.2574267193192271,
              -0.5493397288063399
            ],
            "density": 0.9801357466597148,
            "volume": 0.966715161989995
          },
          {
            "shape": "cube",
            "r": [
              1.1777945621723767,
              0.8383853253962484,
              0.7312127806386457
            ],
            "p": [
              -0.16081920134275415,
              -0.38205914385282536,
              -0.6072052512767623
            ],
            "R": [
              [
                0.9159458617077579,
                -0.30248781829985183,
                -0.26371252947220486
              ],
              [
                0.25366205200864567,
                0.9456183999514964,
                -0.20362073824621774
              ],
              [
                0.31096421303937183,
                0.11961171118819179,
                0.9428649408878436
              ]
            ],
            "rotation_euler": [
              0.12618581683081487,
              -0.31620737513764413,
              0.2701689225213859
            ],
            "density": 0.8798061775872854,
            "volume": 0.72203289939657
          }
        ]
      }
    ]
  }
}