{
  "id": "sample-02",
  "ref1_path": "sample_000001/1.ply",
  "ref2_path": "sample_000001/2.ply",
  "cand1_path": "sample_000001/3.ply",
  "cand2_path": "sample_000001/4.ply",
  "cand3_path": "sample_000001/5.ply",
  "cand4_path": "sample_000001/6.ply",
  "gt_option": "B",
  "point_count": 4096,
  "cand1_reason": "平移参与对象，派生 sym(S) 不再符合 discrete+rigid 模式变换",
  "cand2_reason": "符合原规则的正确延续",
  "cand3_reason": "平移参与对象，派生 sym(S) 不再符合 discrete+rigid 模式变换",
  "cand4_reason": "平移参与对象，派生 sym(S) 不再符合 discrete+rigid 模式变换",
  "rule_id": "C08",
  "rule_meta": {
    "rule_id": "C08",
    "rule_group": "R3",
    "difficulty": "complex",
    "K_R": 3,
    "M_t": [
      3,
      3,
      3
    ],
    "involved_indices": [
      0,
      1,
      2
    ],
    "base_attrs_used": [
      "p"
    ],
    "derived_funcs": [
      "sym(S)"
    ],
    "pattern_type": "discrete+rigid",
    "pattern_params": {
      "theta": 0.3353953638474484,
      "translation": [
        0.2517729186341865,
        -0.248335142818869,
        -0.377623664131836
      ]
    },
    "v": {
      "v1": [
        0
      ],
      "v2": [
        0
      ],
      "v3": [
        0
      ]
    },
    "frames": [
      {
        "objects": [
          {
            "shape": "cube",
            "r": [
              0.8729984542045466,
              1.0516738388876397,
              1.0324543013039607
            ],
            "p": [
              -0.6,
              0.2,
              0.0
            ],
            "R": [
              [
                0.8604519432466956,
                -0.25963560766770033,
                0.4384196672071286
              ],
              [
                0.17327222214079038,
                0.9582572707798349,
                0.2274197441559873
              ],
              [
                -0.4791650972236793,
                -0.11971781082448066,
                0.8695219694602409
              ]
            ],
            "rotation_euler": [
              -0.1368221049672551,
              0.499703252677532,
              0.19871588648476546
            ],
            "density": 1.1836310570789768,
            "volume": 0.947906242422578
          },
          {
            "shape": "cube",
            "r": [
              0.9216426466550085,
              1.0315669063127724,
              1.056354520967901
            ],
            "p": [
              0.6,
              -0.1,
              0.0
            ],
            "R": [
              [
                0.6585628266383533,
                -0.7334492024392223,
                -0.16836647769485072
              ],
              [
                0.3657022117992969,
                0.5074658913188973,
                -0.7802180858151259
              ],
              [
                0.6576905774414016,
                0.45225063470291077,
                0.6024221673839784
              ]
            ],
            "rotation_euler": [
              0.6439620311157859,
              -0.717748853028028,
              0.5069058395427479
            ],
            "density": 0.9661536149484898,
            "volume": 1.0043143286110177
          },
          {
            "shape": "cone",
            "r": [
              0.7059727364843751,
              0.9190276946549624,
              0.7471780222993839
            ],
            "p": [
              0.0,
              0.45,
              0.0
            ],
            "R": [
              [
                0.6999989301448424,
                -0.7140953943953752,
                -0.008322589704512072
              ],
              [
                0.4516382501847927,
                0.45169009235534535,
                -0.7694146810647936
              ],
              [
                0.5531947114408223,
                0.5348306537319389,
                0.6386953757955135
              ]
            ],
            "rotation_euler": [
              0.6971216512669698,
              -0.5861943249907076,
              0.5729924065100396
            ],
            "density": 0.8237856606401355,
            "volume": 0.4847754492662732
          }
        ]
      },
      {
        "objects": [
          {
            "shape": "cube",
            "r": [
              0.8729984542045466,
              1.0516738388876397,
              1.0324543013039607
            ],
            "p": [
              -0.5,
              0.0,
              0.0
            ],
            "R": [
              [
                0.8604519432466956,
                -0.25963560766770033,
                0.4384196672071286
              ],
              [
                0.17327222214079038,
                0.9582572707798349,
                0.2274197441559873
              ],
              [
                -0.4791650972236793,
                -0.11971781082448066,
                0.8695219694602409
              ]
            ],
            "rotation_euler": [
              -0.1368221049672551,
              0.499703252677532,
              0.19871588648476546
            ],
            "density": 1.1836310570789768,
            "volume": 0.947906242422578
          },
          {
            "shape": "cube",
            "r": [
              0.9216426466550085,
              1.0315669063127724,
              1.056354520967901
            ],
            "p": [
              0.5,
              0.0,
              0.0
            ],
            "R": [
              [
                0.6585628266383533,
                -0.7334492024392223,
                -0.16836647769485072
              ],
              [
                0.3657022117992969,
                0.5074658913188973,
                -0.7802180858151259
              ],
              [
                0.6576905774414016,
                0.45225063470291077,
                0.6024221673839784
              ]
            ],
            "rotation_euler": [
              0.6439620311157859,
              -0.717748853028028,
              0.5069058395427479
            ],
            "density": 0.9661536149484898,
            "volume": 1.0043143286110177
          },
          {
            "shape": "cone",
            "r": [
              0.7059727364843751,
              0.9190276946549624,
              0.7471780222993839
            ],
            "p": [
              0.0,
              0.45,
              0.0
            ],
            "R": [
              [
                0.6999989301448424,
                -0.7140953943953752,
                -0.008322589704512072
              ],
              [
                0.4516382501847927,
                0.45169009235534535,
                -0.7694146810647936
              ],
              [
                0.5531947114408223,
                0.5348306537319389,
                0.6386953757955135
              ]
            ],
            "rotation_euler": [
              0.6971216512669698,
              -0.5861943249907076,
              0.5729924065100396
            ],
            "density": 0.8237856606401355,
            "volume": 0.4847754492662732
          }
        ]
      },
      {
        "objects": [
          {
            "shape": "cube",
            "r": [
              0.8729984542045466,
              1.0516738388876397,
              1.0324543013039607
            ],
            "p": [
              -0.2203672075560657,
              -0.248335142818869,
              -0.5421949290630286
            ],
            "R": [
              [
                0.8604519432466956,
                -0.25963560766770033,
                0.4384196672071286
              ],
              [
                0.17327222214079038,
                0.9582572707798349,
                0.2274197441559873
              ],
              [
                -0.4791650972236793,
                -0.11971781082448066,
                0.8695219694602409
              ]
            ],
            "rotation_euler": [
              -0.1368221049672551,
              0.499703252677532,
              0.19871588648476546
            ],
            "density": 1.1836310570789768,
            "volume": 0.947906242422578
          },
          {
            "shape": "cube",
            "r": [
              0.9216426466550085,
              1.0315669063127724,
              1.056354520967901
            ],
            "p": [
              0.7239130448244386,
              -0.248335142818869,
              -0.2130523992006435
            ],
            "R": [
              [
                0.6585628266383533,
                -0.7334492024392223,
                -0.16836647769485072
              ],
              [
                0.3657022117992969,
                0.5074658913188973,
                -0.7802180858151259
              ],
              [
                0.6576905774414016,
                0.45225063470291077,
                0.6024221673839784
              ]
            ],
            "rotation_euler": [
              0.6439620311157859,
              -0.717748853028028,
              0.5069058395427479
            ],
            "density": 0.9661536149484898,
            "volume": 1.0043143286110177
          },
          {
            "shape": "cone",
            "r": [
              0.7059727364843751,
              0.9190276946549624,
              0.7471780222993839
            ],
            "p": [
              0.2517729186341865,
              0.201664857181131,
              -0.377623664131836
            ],
            "R": [
              [
                0.6999989301448424,
                -0.7140953943953752,
                -0.008322589704512072
              ],
              [
                0.4516382501847927,
                0.45169009235534535,
                -0.7694146810647936
              ],
              [
                0.5531947114408223,
                0.5348306537319389,
                0.6386953757955135
              ]
            ],
            "rotation_euler": [
              0.6971216512669698,
              -0.5861943249907076,
              0.5729924065100396
            ],
            "density": 0.8237856606401355,
            "volume": 0.4847754492662732
          }
        ]
      }
    ]
  }
}