{
  "id": "sample-01",
  "ref1_path": "sample_000000/1.ply",
  "ref2_path": "sample_000000/2.ply",
  "cand1_path": "sample_000000/3.ply",
  "cand2_path": "sample_000000/4.ply",
  "cand3_path": "sample_000000/5.ply",
  "cand4_path": "sample_000000/6.ply",
  "gt_option": "D",
  "point_count": 4096,
  "cand1_reason": "平移参与对象，派生 dist(0,1)-dist(1,2) 不再符合 conservation 模式变换",
  "cand2_reason": "平移参与对象，派生 dist(0,1)-dist(1,2) 不再符合 conservation 模式变换",
  "cand3_reason": "平移参与对象，派生 dist(0,1)-dist(1,2) 不再符合 conservation 模式变换",
  "cand4_reason": "符合原规则的正确延续",
  "rule_id": "R2-6",
  "rule_meta": {
    "rule_id": "R2-6",
    "rule_group": "R2",
    "difficulty": "medium",
    "K_R": 3,
    "M_t": [
      3,
      3,
      3
    ],
    "involved_indices": [
      0,
      1,
      2
    ],
    "base_attrs_used": [
      "p"
    ],
    "derived_funcs": [
      "dist(0,1)-dist(1,2)"
    ],
    "pattern_type": "conservation",
    "pattern_params": {
      "constant": 0.38873244546191277
    },
    "v": {
      "v1": [
        0.3887324451974618
      ],
      "v2": [
        0.388732445197462
      ],
      "v3": [
        0.38873244519746175
      ]
    },
    "frames": [
      {
        "objects": [
          {
            "shape": "cube",
            "r": [
              0.9642262928294704,
              1.2727542962144422,
              0.9999374882125882
            ],
            "p": [
              -0.5607351258876672,
              0.09308329382361655,
              0.6086957469155998
            ],
            "R": [
              [
                0.9173559426433597,
                -0.3372938717532821,
                0.21140226719359786
              ],
              [
                0.39309579859968274,
                0.683916103269125,
                -0.6146010550043444
              ],
              [
                0.0627197546247634,
                0.6469092732113646,
                0.7599833054830569
              ]
            ],
            "rotation_euler": [
              0.7051990755300439,
              -0.06276094841087365,
              0.40483952351935426
            ],
            "density": 0.9989690781950475,
            "volume": 1.2271464408085533
          },
          {
            "shape": "sphere",
            "r": [
              1.1714714204282846,
              0.9487935096134025,
              1.1406901430732377
            ],
            "p": [
              0.0,
              0.0,
              0.0
            ],
            "R": [
              [
                0.5808105997503943,
                -0.4652240532032313,
                0.668001218216512
              ],
              [
                0.5250486491497208,
                0.8411893723657844,
                0.12932268109234016
              ],
              [
                -0.6220795473600146,
                0.27562115328837655,
                0.7328369645537435
              ]
            ],
            "rotation_euler": [
              0.35973610468397,
              0.6713959370677027,
              0.7350167403447656
            ],
            "density": 0.8058825219861477,
            "volume": 1.2678593909711022
          },
          {
            "shape": "cylinder",
            "r": [
              1.2181840541473454,
              1.2887170240398067,
              1.2743261077665782
            ],
            "p": [
              0.2990046127378222,
              -0.04963543915325731,
              -0.32457898155308224
            ],
            "R": [
              [
                0.9124797892134812,
                0.34298104504703725,
                -0.22303505781684452
              ],
              [
                -0.4079127443995924,
                0.8045831395962909,
                -0.4315705787397564
              ],
              [
                0.0314297189506007,
                0.48477827325058387,
                0.8740721929857217
              ]
            ],
            "rotation_euler": [
              0.5063836241594666,
              -0.03143489577419678,
              -0.4203876347814241
            ],
            "density": 1.120752231487323,
            "volume": 2.00055758473635
          }
        ]
      },
      {
        "objects": [
          {
            "shape": "cube",
            "r": [
              0.9642262928294704,
              1.2727542962144422,
              0.9999374882125882
            ],
            "p": [
              -0.7217012288899067,
              0.11980402946092993,
              0.7834295521858442
            ],
            "R": [
              [
                0.9173559426433597,
                -0.3372938717532821,
                0.21140226719359786
              ],
              [
                0.39309579859968274,
                0.683916103269125,
                -0.6146010550043444
              ],
              [
                0.0627197546247634,
                0.6469092732113646,
                0.7599833054830569
              ]
            ],
            "rotation_euler": [
              0.7051990755300439,
              -0.06276094841087365,
              0.40483952351935426
            ],
            "density": 0.9989690781950475,
            "volume": 1.2271464408085533
          },
          {
            "shape": "sphere",
            "r": [
              1.1714714204282846,
              0.9487935096134025,
              1.1406901430732377
            ],
            "p": [
              0.0,
              0.0,
              0.0
            ],
            "R": [
              [
                0.5808105997503943,
                -0.4652240532032313,
                0.668001218216512
              ],
              [
                0.5250486491497208,
                0.8411893723657844,
                0.12932268109234016
              ],
              [
                -0.6220795473600146,
                0.27562115328837655,
                0.7328369645537435
              ]
            ],
            "rotation_euler": [
              0.35973610468397,
              0.6713959370677027,
              0.7350167403447656
            ],
            "density": 0.8058825219861477,
            "volume": 1.2678593909711022
          },
          {
            "shape": "cylinder",
            "r": [
              1.2181840541473454,
              1.2887170240398067,
              1.2743261077665782
            ],
            "p": [
              0.4599707157400617,
              -0.07635617479057068,
              -0.4993127868233265
            ],
            "R": [
              [
                0.9124797892134812,
                0.34298104504703725,
                -0.22303505781684452
              ],
              [
                -0.4079127443995924,
                0.8045831395962909,
                -0.4315705787397564
              ],
              [
                0.0314297189506007,
                0.48477827325058387,
                0.8740721929857217
              ]
            ],
            "rotation_euler": [
              0.5063836241594666,
              -0.03143489577419678,
              -0.4203876347814241
            ],
            "density": 1.120752231487323,
            "volume": 2.00055758473635
          }
        ]
      },
      {
        "objects": [
          {
            "shape": "cube",
            "r": [
              0.9642262928294704,
              1.2727542962144422,
              0.9999374882125882
            ],
            "p": [
              -0.8826673318921462,
              0.14652476509824328,
              0.9581633574560884
            ],
            "R": [
              [
                0.9173559426433597,
                -0.3372938717532821,
                0.21140226719359786
              ],
              [
                0.39309579859968274,
                0.683916103269125,
                -0.6146010550043444
              ],
              [
                0.0627197546247634,
                0.6469092732113646,
                0.7599833054830569
              ]
            ],
            "rotation_euler": [
              0.7051990755300439,
              -0.06276094841087365,
              0.40483952351935426
            ],
            "density": 0.9989690781950475,
            "volume": 1.2271464408085533
          },
          {
            "shape": "sphere",
            "r": [
              1.1714714204282846,
              0.9487935096134025,
              1.1406901430732377
            ],
            "p": [
              0.0,
              0.0,
              0.0
            ],
            "R": [
              [
                0.5808105997503943,
                -0.4652240532032313,
                0.668001218216512
              ],
              [
                0.5250486491497208,
                0.8411893723657844,
                0.12932268109234016
              ],
              [
                -0.6220795473600146,
                0.27562115328837655,
                0.7328369645537435
              ]
            ],
            "rotation_euler": [
              0.35973610468397,
              0.6713959370677027,
              0.7350167403447656
            ],
            "density": 0.8058825219861477,
            "volume": 1.2678593909711022
          },
          {
            "shape": "cylinder",
            "r": [
              1.2181840541473454,
              1.2887170240398067,
              1.2743261077665782
            ],
            "p": [
              0.6209368187423012,
              -0.10307691042788404,
              -0.6740465920935709
            ],
            "R": [
              [
                0.9124797892134812,
                0.34298104504703725,
                -0.22303505781684452
              ],
              [
                -0.4079127443995924,
                0.8045831395962909,
                -0.4315705787397564
              ],
              [
                0.0314297189506007,
                0.48477827325058387,
                0.8740721929857217
              ]
            ],
            "rotation_euler": [
              0.5063836241594666,
              -0.03143489577419678,
              -0.4203876347814241
            ],
            "density": 1.120752231487323,
            "volume": 2.00055758473635
          }
        ]
      }
    ]
  }
}