{
  "id": "sample-01",
  "ref1_path": "sample_000000/1.ply",
  "ref2_path": "sample_000000/2.ply",
  "cand1_path": "sample_000000/3.ply",
  "cand2_path": "sample_000000/4.ply",
  "cand3_path": "sample_000000/5.ply",
  "cand4_path": "sample_000000/6.ply",
  "gt_option": "A",
  "point_count": 4096,
  "cand1_reason": "符合原规则的正确延续",
  "cand2_reason": "平移参与对象，派生 dist-set 不再符合 rigid 模式变换",
  "cand3_reason": "平移参与对象，派生 dist-set 不再符合 rigid 模式变换",
  "cand4_reason": "平移参与对象，派生 dist-set 不再符合 rigid 模式变换",
  "rule_id": "C10",
  "rule_meta": {
    "rule_id": "C10",
    "rule_group": "R2",
    "difficulty": "complex",
    "K_R": 3,
    "M_t": [
      3,
      3,
      3
    ],
    "involved_indices": [
      0,
      1,
      2
    ],
    "base_attrs_used": [
      "p"
    ],
    "derived_funcs": [
      "dist-set"
    ],
    "pattern_type": "rigid",
    "pattern_params": {
      "theta": 0.27007963709128185,
      "translation": [
        -0.2959285648977263,
        0.29511456368075917,
        -0.2883346230472861
      ]
    },
    "v": {
      "v1": [
        0.691239496003015,
        0.7477305431400741,
        0.7386270934775405
      ],
      "v2": [
        0.691239496003015,
        0.7477305431400741,
        0.7386270934775406
      ],
      "v3": [
        0.6912394960030152,
        0.7477305431400743,
        0.7386270934775405
      ]
    },
    "frames": [
      {
        "objects": [
          {
            "shape": "cube",
            "r": [
              1.0900891129228325,
              0.8951207753157631,
              1.2056738417462753
            ],
            "p": [
              0.41430206818943316,
              0.4848550227803513,
              0.022654510943027395
            ],
            "R": [
              [
                0.7476573551591561,
                -0.3959603661200792,
                -0.5331265025661999
              ],
              [
                0.46953303109417066,
                0.8829107050730993,
                0.0027238903874739905
              ],
              [
                0.46962454363878386,
                -0.2523570393893842,
                0.8460311534941776
              ]
            ],
            "rotation_euler": [
              -0.289881178588075,
              -0.48886546007317144,
              0.560757750820525
            ],
            "density": 1.00918972079318,
            "volume": 1.1764500101406818
          },
          {
            "shape": "cylinder",
            "r": [
              1.2649265701008439,
              1.0355519075419262,
              1.1743406942114456
            ],
            "p": [
              0.4006639908106051,
              -0.19262998926449815,
              0.15918327031079427
            ],
            "R": [
              [
                0.9748964144088574,
                0.0869482562445846,
                0.20498044274705657
              ],
              [
                -0.1311690038410726,
                0.9681702703704321,
                0.21316899399815403
              ],
              [
                -0.17992129836151682,
                -0.23470476839397703,
                0.9552706412787089
              ]
            ],
            "rotation_euler": [
              -0.24092236625500552,
              0.1809064433844949,
              -0.13374342250078153
            ],
            "density": 0.9812977381180178,
            "volume": 1.538265496262544
          },
          {
            "shape": "cone",
            "r": [
              1.1377797327198382,
              0.7031564532639873,
              1.1549120531200963
            ],
            "p": [
              -0.20077967080018155,
              0.0987394949841417,
              -0.15536295646036036
            ],
            "R": [
              [
                0.9979799127046568,
                -0.06106383335714797,
                -0.01753003404834627
              ],
              [
                0.06324844269768139,
                0.9290189861913587,
                0.3645865573389921
              ],
              [
                -0.0059773183221098316,
                -0.3649588080204539,
                0.9310044791052112
              ]
            ],
            "rotation_euler": [
              -0.37359556184373105,
              0.005977353915953332,
              0.06329182045022808
            ],
            "density": 1.0194971990129604,
            "volume": 0.9239725607082859
          }
        ]
      },
      {
        "objects": [
          {
            "shape": "cube",
            "r": [
              1.0900891129228325,
              0.8951207753157631,
              1.2056738417462753
            ],
            "p": [
              -0.02600838097683511,
              0.8729326069551874,
              -0.2656801121042587
            ],
            "R": [
              [
                0.7476573551591561,
                -0.3959603661200792,
                -0.5331265025661999
              ],
              [
                0.46953303109417066,
                0.8829107050730993,
                0.0027238903874739905
              ],
              [
                0.46962454363878386,
                -0.2523570393893842,
                0.8460311534941776
              ]
            ],
            "rotation_euler": [
              -0.289881178588075,
              -0.48886546007317144,
              0.560757750820525
            ],
            "density": 1.00918972079318,
            "volume": 1.1764500101406818
          },
          {
            "shape": "cylinder",
            "r": [
              1.2649265701008439,
              1.0355519075419262,
              1.1743406942114456
            ],
            "p": [
              0.14160647499494455,
              0.21636791192692112,
              -0.1291513527364918
            ],
            "R": [
              [
                0.9748964144088574,
                0.0869482562445846,
                0.20498044274705657
              ],
              [
                -0.1311690038410726,
                0.9681702703704321,
                0.21316899399815403
              ],
              [
                -0.17992129836151682,
                -0.23470476839397703,
                0.9552706412787089
              ]
            ],
            "rotation_euler": [
              -0.24092236625500552,
              0.1809064433844949,
              -0.13374342250078153
            ],
            "density": 0.9812977381180178,
            "volume": 1.538265496262544
          },
          {
            "shape": "cone",
            "r": [
              1.1377797327198382,
              0.7031564532639873,
              1.1549120531200963
            ],
            "p": [
              -0.5157744083950004,
              0.3367050574662946,
              -0.44369757950764643
            ],
            "R": [
              [
                0.9979799127046568,
                -0.06106383335714797,
                -0.01753003404834627
              ],
              [
                0.06324844269768139,
                0.9290189861913587,
                0.3645865573389921
              ],
              [
                -0.0059773183221098316,
                -0.3649588080204539,
                0.9310044791052112
              ]
            ],
            "rotation_euler": [
              -0.37359556184373105,
              0.005977353915953332,
              0.06329182045022808
            ],
            "density": 1.0194971990129604,
            "volume": 0.9239725607082859
          }
        ]
      },
      {
        "objects": [
          {
            "shape": "cube",
            "r": [
              1.0900891129228325,
              0.8951207753157631,
              1.2056738417462753
            ],
            "p": [
              -0.5538996998955751,
              1.1294638105040171,
              -0.5540147351515448
            ],
            "R": [
              [
                0.7476573551591561,
                -0.3959603661200792,
                -0.5331265025661999
              ],
              [
                0.46953303109417066,
                0.8829107050730993,
                0.0027238903874739905
              ],
              [
                0.46962454363878386,
                -0.2523570393893842,
                0.8460311534941776
              ]
            ],
            "rotation_euler": [
              -0.289881178588075,
              -0.48886546007317144,
              0.560757750820525
            ],
            "density": 1.00918972079318,
            "volume": 1.1764500101406818
          },
          {
            "shape": "cylinder",
            "r": [
              1.2649265701008439,
              1.0355519075419262,
              1.1743406942114456
            ],
            "p": [
              -0.21718410442718739,
              0.5414208303840518,
              -0.4174859757837779
            ],
            "R": [
              [
                0.9748964144088574,
                0.0869482562445846,
                0.20498044274705657
              ],
              [
                -0.1311690038410726,
                0.9681702703704321,
                0.21316899399815403
              ],
              [
                -0.17992129836151682,
                -0.23470476839397703,
                0.9552706412787089
              ]
            ],
            "rotation_euler": [
              -0.24092236625500552,
              0.1809064433844949,
              -0.13374342250078153
            ],
            "density": 0.9812977381180178,
            "volume": 1.538265496262544
          },
          {
            "shape": "cone",
            "r": [
              1.1377797327198382,
              0.7031564532639873,
              1.1549120531200963
            ],
            "p": [
              -0.8828416374796213,
              0.48200111031018533,
              -0.7320322025549325
            ],
            "R": [
              [
                0.9979799127046568,
                -0.06106383335714797,
                -0.01753003404834627
              ],
              [
                0.06324844269768139,
                0.9290189861913587,
                0.3645865573389921
              ],
              [
                -0.0059773183221098316,
                -0.3649588080204539,
                0.9310044791052112
              ]
            ],
            "rotation_euler": [
              -0.37359556184373105,
              0.005977353915953332,
              0.06329182045022808
            ],
            "density": 1.0194971990129604,
            "volume": 0.9239725607082859
          }
        ]
      }
    ]
  }
}