{
  "id": "sample-01",
  "ref1_path": "sample_000000/1.ply",
  "ref2_path": "sample_000000/2.ply",
  "cand1_path": "sample_000000/3.ply",
  "cand2_path": "sample_000000/4.ply",
  "cand3_path": "sample_000000/5.ply",
  "cand4_path": "sample_000000/6.ply",
  "gt_option": "C",
  "point_count": 4096,
  "cand1_reason": "修改尺度，派生 size(O0) 不再满足 geometric 模式变换（尺度被缩放）",
  "cand2_reason": "修改尺度，派生 size(O0) 不再满足 geometric 模式变换（尺度被缩放）",
  "cand3_reason": "符合原规则的正确延续",
  "cand4_reason": "修改尺度，派生 size(O0) 不再满足 geometric 模式变换（尺度被缩放）",
  "rule_id": "S01",
  "rule_meta": {
    "rule_id": "S01",
    "rule_group": "R1",
    "difficulty": "simple",
    "K_R": 1,
    "M_t": [
      2,
      2,
      2
    ],
    "involved_indices": [
      0
    ],
    "base_attrs_used": [
      "r"
    ],
    "derived_funcs": [
      "size(O0)"
    ],
    "pattern_type": "geometric",
    "pattern_params": {
      "k": 0.714440392384213
    },
    "v": {
      "v1": [
        1.052176450110192
      ],
      "v2": [
        0.3836953872021944
      ],
      "v3": [
        0.13992154086400965
      ]
    },
    "frames": [
      {
        "objects": [
          {
            "shape": "cylinder",
            "r": [
              1.2863969626885066,
              1.1035213867679463,
              0.7411955730782237
            ],
            "p": [
              -0.18750095178216197,
              0.37117945475534775,
              0.14636793741308174
            ],
            "R": [
              [
                0.9062044973289198,
                -0.37139083679218643,
                0.2021441450243845
              ],
              [
                0.4206923638016895,
                0.7437820407065062,
                -0.5194287352095687
              ],
              [
                0.04255988792028006,
                0.5557491540877635,
                0.83025991934511
              ]
            ],
            "rotation_euler": [
              0.5898702038903463,
              -0.04257274683776724,
              0.4346289646190249
            ],
            "density": 1.1564937994132842,
            "volume": 1.052176450110192
          },
          {
            "shape": "sphere",
            "r": [
              1.1510092604098265,
              0.8280718884318894,
              0.9962054659789235
            ],
            "p": [
              -0.10846822698044922,
              0.00576901074380487,
              0.3828308626396173
            ],
            "R": [
              [
                0.9394893404164741,
                -0.1894845938568871,
                -0.28540386811448254
              ],
              [
                -0.059564632990092466,
                0.7300648889919236,
                -0.6807769916484883
              ],
              [
                0.33736009506249254,
                0.6565827035127417,
                0.6746016007298865
              ]
            ],
            "rotation_euler": [
              0.7718630001684161,
              -0.3441111778501688,
              -0.06331632706539259
            ],
            "density": 0.8728124577458167,
            "volume": 0.9495017716302017
          }
        ]
      },
      {
        "objects": [
          {
            "shape": "cylinder",
            "r": [
              0.9190539507850364,
              0.7884002525668624,
              0.5295400560634478
            ],
            "p": [
              -0.18750095178216197,
              0.37117945475534775,
              0.14636793741308174
            ],
            "R": [
              [
                0.9062044973289198,
                -0.37139083679218643,
                0.2021441450243845
              ],
              [
                0.4206923638016895,
                0.7437820407065062,
                -0.5194287352095687
              ],
              [
                0.04255988792028006,
                0.5557491540877635,
                0.83025991934511
              ]
            ],
            "rotation_euler": [
              0.5898702038903463,
              -0.04257274683776724,
              0.4346289646190249
            ],
            "density": 1.1564937994132842,
            "volume": 0.3836953872021944
          },
          {
            "shape": "sphere",
            "r": [
              1.1510092604098265,
              0.8280718884318894,
              0.9962054659789235
            ],
            "p": [
              -0.10846822698044922,
              0.00576901074380487,
              0.3828308626396173
            ],
            "R": [
              [
                0.9394893404164741,
                -0.1894845938568871,
                -0.28540386811448254
              ],
              [
                -0.059564632990092466,
                0.7300648889919236,
                -0.6807769916484883
              ],
              [
                0.33736009506249254,
                0.6565827035127417,
                0.6746016007298865
              ]
            ],
            "rotation_euler": [
              0.7718630001684161,
              -0.3441111778501688,
              -0.06331632706539259
            ],
            "density": 0.8728124577458167,
            "volume": 0.9495017716302017
          }
        ]
      },
      {
        "objects": [
          {
            "shape": "cylinder",
            "r": [
              0.6566092652211225,
              0.5632649857996818,
              0.37832480543712776
            ],
            "p": [
              -0.18750095178216197,
              0.37117945475534775,
              0.14636793741308174
            ],
            "R": [
              [
                0.9062044973289198,
                -0.37139083679218643,
                0.2021441450243845
              ],
              [
                0.4206923638016895,
                0.7437820407065062,
                -0.5194287352095687
              ],
              [
                0.04255988792028006,
                0.5557491540877635,
                0.83025991934511
              ]
            ],
            "rotation_euler": [
              0.5898702038903463,
              -0.04257274683776724,
              0.4346289646190249
            ],
            "density": 1.1564937994132842,
            "volume": 0.13992154086400965
          },
          {
            "shape": "sphere",
            "r": [
              1.1510092604098265,
              0.8280718884318894,
              0.9962054659789235
            ],
            "p": [
              -0.10846822698044922,
              0.00576901074380487,
              0.3828308626396173
            ],
            "R": [
              [
                0.9394893404164741,
                -0.1894845938568871,
                -0.28540386811448254
              ],
              [
                -0.059564632990092466,
                0.7300648889919236,
                -0.6807769916484883
              ],
              [
                0.33736009506249254,
                0.6565827035127417,
                0.6746016007298865
              ]
            ],
            "rotation_euler": [
              0.7718630001684161,
              -0.3441111778501688,
              -0.06331632706539259
            ],
            "density": 0.8728124577458167,
            "volume": 0.9495017716302017
          }
        ]
      }
    ]
  }
}