{
  "id": "sample-03",
  "ref1_path": "sample_000002/1.ply",
  "ref2_path": "sample_000002/2.ply",
  "cand1_path": "sample_000002/3.ply",
  "cand2_path": "sample_000002/4.ply",
  "cand3_path": "sample_000002/5.ply",
  "cand4_path": "sample_000002/6.ply",
  "gt_option": "C",
  "point_count": 4096,
  "cand1_reason": "平移参与对象，派生 dist(0,1)-dist(1,2) 不再符合 conservation 模式变换",
  "cand2_reason": "平移参与对象，派生 dist(0,1)-dist(1,2) 不再符合 conservation 模式变换",
  "cand3_reason": "符合原规则的正确延续",
  "cand4_reason": "平移参与对象，派生 dist(0,1)-dist(1,2) 不再符合 conservation 模式变换",
  "rule_id": "M09",
  "rule_meta": {
    "rule_id": "M09",
    "rule_group": "R2",
    "difficulty": "medium",
    "K_R": 3,
    "M_t": [
      3,
      3,
      3
    ],
    "involved_indices": [
      0,
      1,
      2
    ],
    "base_attrs_used": [
      "p"
    ],
    "derived_funcs": [
      "dist(0,1)-dist(1,2)"
    ],
    "pattern_type": "conservation",
    "pattern_params": {
      "constant": 0.399609700274948
    },
    "v": {
      "v1": [
        0.3996097001196026
      ],
      "v2": [
        0.39960970011960273
      ],
      "v3": [
        0.3996097001196025
      ]
    },
    "frames": [
      {
        "objects": [
          {
            "shape": "cube",
            "r": [
              1.0135350029063992,
              0.8307071575259822,
              0.8058536510644907
            ],
            "p": [
              -0.09950851023106921,
              0.653215923212983,
              -0.6378225560659305
            ],
            "R": [
              [
                0.8877467468714649,
                -0.4084900053929669,
                0.21223013196335969
              ],
              [
                0.3420857937414574,
                0.8939161831509568,
                0.28963971968827434
              ],
              [
                -0.308030880171791,
                -0.18452580576948838,
                0.9333098112983238
              ]
            ],
            "rotation_euler": [
              -0.19519382817281117,
              0.31312257793884735,
              0.3678063518706327
            ],
            "density": 0.9849906868809446,
            "volume": 0.6784891111412782
          },
          {
            "shape": "cone",
            "r": [
              1.246411223552908,
              0.9147924593948905,
              0.8023486536375593
            ],
            "p": [
              0.0,
              0.0,
              0.0
            ],
            "R": [
              [
                0.9218402151808175,
                -0.0785426844700381,
                0.3795282129060028
              ],
              [
                -0.12981399635637667,
                0.8601149015867562,
                0.4933058710560734
              ],
              [
                -0.36518343887061855,
                -0.5040172643716132,
                0.7826925662033495
              ]
            ],
            "rotation_euler": [
              -0.5721125358691181,
              0.37382984332860336,
              -0.139900574101675
            ],
            "density": 0.8680654288839011,
            "volume": 0.9148440235896522
          },
          {
            "shape": "cylinder",
            "r": [
              0.7093854361313034,
              1.1275486665165317,
              0.918366982353813
            ],
            "p": [
              0.056209624632085856,
              -0.368983735785436,
              0.36028844543136984
            ],
            "R": [
              [
                0.5936954935241987,
                -0.654595168963022,
                0.46800729239973476
              ],
              [
                0.5450211311763641,
                0.7549930534163002,
                0.36460589115422737
              ],
              [
                -0.5920115096349856,
                0.038608989411851494,
                0.8050041729061415
              ]
            ],
            "rotation_euler": [
              0.0479245048405017,
              0.6335524473678631,
              0.7426792384525114
            ],
            "density": 0.9691025726383053,
            "volume": 0.7345710780750419
          }
        ]
      },
      {
        "objects": [
          {
            "shape": "cube",
            "r": [
              1.0135350029063992,
              0.8307071575259822,
              0.8058536510644907
            ],
            "p": [
              -0.11238110955428877,
              0.7377171063936182,
              -0.7203324256688718
            ],
            "R": [
              [
                0.8877467468714649,
                -0.4084900053929669,
                0.21223013196335969
              ],
              [
                0.3420857937414574,
                0.8939161831509568,
                0.28963971968827434
              ],
              [
                -0.308030880171791,
                -0.18452580576948838,
                0.9333098112983238
              ]
            ],
            "rotation_euler": [
              -0.19519382817281117,
              0.31312257793884735,
              0.3678063518706327
            ],
            "density": 0.9849906868809446,
            "volume": 0.6784891111412782
          },
          {
            "shape": "cone",
            "r": [
              1.246411223552908,
              0.9147924593948905,
              0.8023486536375593
            ],
            "p": [
              0.0,
              0.0,
              0.0
            ],
            "R": [
              [
                0.9218402151808175,
                -0.0785426844700381,
                0.3795282129060028
              ],
              [
                -0.12981399635637667,
                0.8601149015867562,
                0.4933058710560734
              ],
              [
                -0.36518343887061855,
                -0.5040172643716132,
                0.7826925662033495
              ]
            ],
            "rotation_euler": [
              -0.5721125358691181,
              0.37382984332860336,
              -0.139900574101675
            ],
            "density": 0.8680654288839011,
            "volume": 0.9148440235896522
          },
          {
            "shape": "cylinder",
            "r": [
              0.7093854361313034,
              1.1275486665165317,
              0.918366982353813
            ],
            "p": [
              0.0690822239553054,
              -0.453484918966071,
              0.442798315034311
            ],
            "R": [
              [
                0.5936954935241987,
                -0.654595168963022,
                0.46800729239973476
              ],
              [
                0.5450211311763641,
                0.7549930534163002,
                0.36460589115422737
              ],
              [
                -0.5920115096349856,
                0.038608989411851494,
                0.8050041729061415
              ]
            ],
            "rotation_euler": [
              0.0479245048405017,
              0.6335524473678631,
              0.7426792384525114
            ],
            "density": 0.9691025726383053,
            "volume": 0.7345710780750419
          }
        ]
      },
      {
        "objects": [
          {
            "shape": "cube",
            "r": [
              1.0135350029063992,
              0.8307071575259822,
              0.8058536510644907
            ],
            "p": [
              -0.12525370887750834,
              0.8222182895742532,
              -0.802842295271813
            ],
            "R": [
              [
                0.8877467468714649,
                -0.4084900053929669,
                0.21223013196335969
              ],
              [
                0.3420857937414574,
                0.8939161831509568,
                0.28963971968827434
              ],
              [
                -0.308030880171791,
                -0.18452580576948838,
                0.9333098112983238
              ]
            ],
            "rotation_euler": [
              -0.19519382817281117,
              0.31312257793884735,
              0.3678063518706327
            ],
            "density": 0.9849906868809446,
            "volume": 0.6784891111412782
          },
          {
            "shape": "cone",
            "r": [
              1.246411223552908,
              0.9147924593948905,
              0.8023486536375593
            ],
            "p": [
              0.0,
              0.0,
              0.0
            ],
            "R": [
              [
                0.9218402151808175,
                -0.0785426844700381,
                0.3795282129060028
              ],
              [
                -0.12981399635637667,
                0.8601149015867562,
                0.4933058710560734
              ],
              [
                -0.36518343887061855,
                -0.5040172643716132,
                0.7826925662033495
              ]
            ],
            "rotation_euler": [
              -0.5721125358691181,
              0.37382984332860336,
              -0.139900574101675
            ],
            "density": 0.8680654288839011,
            "volume": 0.9148440235896522
          },
          {
            "shape": "cylinder",
            "r": [
              0.7093854361313034,
              1.1275486665165317,
              0.918366982353813
            ],
            "p": [
              0.08195482327852496,
              -0.5379861021467062,
              0.5253081846372523
            ],
            "R": [
              [
                0.5936954935241987,
                -0.654595168963022,
                0.46800729239973476
              ],
              [
                0.5450211311763641,
                0.7549930534163002,
                0.36460589115422737
              ],
              [
                -0.5920115096349856,
                0.038608989411851494,
                0.8050041729061415
              ]
            ],
            "rotation_euler": [
              0.0479245048405017,
              0.6335524473678631,
              0.7426792384525114
            ],
            "density": 0.9691025726383053,
            "volume": 0.7345710780750419
          }
        ]
      }
    ]
  }
}