{
  "id": "sample-03",
  "ref1_path": "sample_000002/1.ply",
  "ref2_path": "sample_000002/2.ply",
  "cand1_path": "sample_000002/3.ply",
  "cand2_path": "sample_000002/4.ply",
  "cand3_path": "sample_000002/5.ply",
  "cand4_path": "sample_000002/6.ply",
  "gt_option": "A",
  "point_count": 4096,
  "cand1_reason": "符合原规则的正确延续",
  "cand2_reason": "修改尺度，派生 size(O0) 不再满足 geometric 模式变换（尺度被缩放）",
  "cand3_reason": "修改尺度，派生 size(O0) 不再满足 geometric 模式变换（尺度被缩放）",
  "cand4_reason": "修改尺度，派生 size(O0) 不再满足 geometric 模式变换（尺度被缩放）",
  "rule_id": "S01",
  "rule_meta": {
    "rule_id": "S01",
    "rule_group": "R1",
    "difficulty": "simple",
    "K_R": 1,
    "M_t": [
      2,
      2,
      2
    ],
    "involved_indices": [
      0
    ],
    "base_attrs_used": [
      "r"
    ],
    "derived_funcs": [
      "size(O0)"
    ],
    "pattern_type": "geometric",
    "pattern_params": {
      "k": 1.5249911511168275
    },
    "v": {
      "v1": [
        1.0977487770384244
      ],
      "v2": [
        3.8931840274612624
      ],
      "v3": [
        13.807240954137683
      ]
    },
    "frames": [
      {
        "objects": [
          {
            "shape": "cone",
            "r": [
              0.7963076216988393,
              1.062298008767537,
              1.2977042352600812
            ],
            "p": [
              0.44175427715003956,
              -0.2571416617478449,
              -0.34459341741317684
            ],
            "R": [
              [
                0.6685509328981046,
                0.7106392416485366,
                0.21916094166221045
              ],
              [
                -0.3777736187942046,
                0.5783799953809973,
                -0.7230239787767819
              ],
              [
                -0.6405675163979243,
                0.4005851334888381,
                0.6551372434563041
              ]
            ],
            "rotation_euler": [
              0.5487977355469618,
              0.6952370861126442,
              -0.5143345481191888
            ],
            "density": 0.8369342078437919,
            "volume": 1.0977487770384244
          },
          {
            "shape": "cylinder",
            "r": [
              0.9903654544644813,
              1.0500593342022457,
              1.194450240185011
            ],
            "p": [
              -0.005524022333917578,
              0.4370661457927112,
              -0.07108617213158752
            ],
            "R": [
              [
                0.8125552580641865,
                -0.1673099043773716,
                0.5583559335132725
              ],
              [
                0.1197111925225587,
                0.9854001293271424,
                0.1210612056229323
              ],
              [
                -0.5704587478311381,
                -0.03152746452358296,
                0.8207209245557493
              ]
            ],
            "rotation_euler": [
              -0.038395475648227984,
              0.6070642921350029,
              0.14627458335285604
            ],
            "density": 1.0084933154580726,
            "volume": 1.24215955663884
          }
        ]
      },
      {
        "objects": [
          {
            "shape": "cone",
            "r": [
              1.2143620766576162,
              1.6199950632195201,
              1.9789874755384536
            ],
            "p": [
              0.44175427715003956,
              -0.2571416617478449,
              -0.34459341741317684
            ],
            "R": [
              [
                0.6685509328981046,
                0.7106392416485366,
                0.21916094166221045
              ],
              [
                -0.3777736187942046,
                0.5783799953809973,
                -0.7230239787767819
              ],
              [
                -0.6405675163979243,
                0.4005851334888381,
                0.6551372434563041
              ]
            ],
            "rotation_euler": [
              0.5487977355469618,
              0.6952370861126442,
              -0.5143345481191888
            ],
            "density": 0.8369342078437919,
            "volume": 3.8931840274612624
          },
          {
            "shape": "cylinder",
            "r": [
              0.9903654544644813,
              1.0500593342022457,
              1.194450240185011
            ],
            "p": [
              -0.005524022333917578,
              0.4370661457927112,
              -0.07108617213158752
            ],
            "R": [
              [
                0.8125552580641865,
                -0.1673099043773716,
                0.5583559335132725
              ],
              [
                0.1197111925225587,
                0.9854001293271424,
                0.1210612056229323
              ],
              [
                -0.5704587478311381,
                -0.03152746452358296,
                0.8207209245557493
              ]
            ],
            "rotation_euler": [
              -0.038395475648227984,
              0.6070642921350029,
              0.14627458335285604
            ],
            "density": 1.0084933154580726,
            "volume": 1.24215955663884
          }
        ]
      },
      {
        "objects": [
          {
            "shape": "cone",
            "r": [
              1.8518914211547193,
              2.4704781362627135,
              3.017938388367171
            ],
            "p": [
              0.44175427715003956,
              -0.2571416617478449,
              -0.34459341741317684
            ],
            "R": [
              [
                0.6685509328981046,
                0.7106392416485366,
                0.21916094166221045
              ],
              [
                -0.3777736187942046,
                0.5783799953809973,
                -0.7230239787767819
              ],
              [
                -0.6405675163979243,
                0.4005851334888381,
                0.6551372434563041
              ]
            ],
            "rotation_euler": [
              0.5487977355469618,
              0.6952370861126442,
              -0.5143345481191888
            ],
            "density": 0.8369342078437919,
            "volume": 13.807240954137683
          },
          {
            "shape": "cylinder",
            "r": [
              0.9903654544644813,
              1.0500593342022457,
              1.194450240185011
            ],
            "p": [
              -0.005524022333917578,
              0.4370661457927112,
              -0.07108617213158752
            ],
            "R": [
              [
                0.8125552580641865,
                -0.1673099043773716,
                0.5583559335132725
              ],
              [
                0.1197111925225587,
                0.9854001293271424,
                0.1210612056229323
              ],
              [
                -0.5704587478311381,
                -0.03152746452358296,
                0.8207209245557493
              ]
            ],
            "rotation_euler": [
              -0.038395475648227984,
              0.6070642921350029,
              0.14627458335285604
            ],
            "density": 1.0084933154580726,
            "volume": 1.24215955663884
          }
        ]
      }
    ]
  }
}