{
  "id": "sample-03",
  "ref1_path": "sample_000002/1.ply",
  "ref2_path": "sample_000002/2.ply",
  "cand1_path": "sample_000002/3.ply",
  "cand2_path": "sample_000002/4.ply",
  "cand3_path": "sample_000002/5.ply",
  "cand4_path": "sample_000002/6.ply",
  "gt_option": "B",
  "point_count": 32768,
  "cand1_reason": "修改尺度，派生 ar(O0) 不再满足 discrete 模式变换（尺度被缩放）",
  "cand2_reason": "符合原规则的正确延续",
  "cand3_reason": "修改尺度，派生 ar(O0) 不再满足 discrete 模式变换（尺度被缩放）",
  "cand4_reason": "修改尺度，派生 ar(O0) 不再满足 discrete 模式变换（尺度被缩放）",
  "rule_id": "S04",
  "rule_meta": {
    "rule_id": "S04",
    "rule_group": "R1",
    "difficulty": "simple",
    "K_R": 1,
    "M_t": [
      1,
      1,
      1
    ],
    "involved_indices": [
      0
    ],
    "base_attrs_used": [
      "r"
    ],
    "derived_funcs": [
      "ar(O0)"
    ],
    "pattern_type": "discrete",
    "pattern_params": {
      "states": [
        "c1",
        "c2",
        "c1"
      ]
    },
    "v": {
      "v1": [
        0.8947369677296708,
        1.6375817496646448
      ],
      "v2": [
        1.3486620167005041,
        1.6375817496646448
      ],
      "v3": [
        0.8947369677296708,
        1.6375817496646448
      ]
    },
    "frames": [
      {
        "objects": [
          {
            "shape": "sphere",
            "r": [
              1.12668572679385,
              1.259235811968027,
              0.7689595799685431
            ],
            "p": [
              0.2290151170763094,
              0.4274239286245599,
              0.4679261899246464
            ],
            "R": [
              [
                0.6121630332047033,
                -0.7677771861307684,
                -0.1891417807749959
              ],
              [
                0.5770256515194404,
                0.27020295725684806,
                0.7707345583131843
              ],
              [
                -0.540645741929207,
                -0.5809548642939254,
                0.6084353929441023
              ]
            ],
            "rotation_euler": [
              -0.7622975535771207,
              0.5712045180331151,
              0.7558594014081366
            ],
            "density": 1.1828840718443854,
            "volume": 1.0909714128675219
          }
        ]
      },
      {
        "objects": [
          {
            "shape": "sphere",
            "r": [
              1.6982848583323125,
              1.259235811968027,
              0.7689595799685431
            ],
            "p": [
              0.2290151170763094,
              0.4274239286245599,
              0.4679261899246464
            ],
            "R": [
              [
                0.6121630332047033,
                -0.7677771861307684,
                -0.1891417807749959
              ],
              [
                0.5770256515194404,
                0.27020295725684806,
                0.7707345583131843
              ],
              [
                -0.540645741929207,
                -0.5809548642939254,
                0.6084353929441023
              ]
            ],
            "rotation_euler": [
              -0.7622975535771207,
              0.5712045180331151,
              0.7558594014081366
            ],
            "density": 1.1828840718443854,
            "volume": 1.6444516756404477
          }
        ]
      },
      {
        "objects": [
          {
            "shape": "sphere",
            "r": [
              1.12668572679385,
              1.259235811968027,
              0.7689595799685431
            ],
            "p": [
              0.2290151170763094,
              0.4274239286245599,
              0.4679261899246464
            ],
            "R": [
              [
                0.6121630332047033,
                -0.7677771861307684,
                -0.1891417807749959
              ],
              [
                0.5770256515194404,
                0.27020295725684806,
                0.7707345583131843
              ],
              [
                -0.540645741929207,
                -0.5809548642939254,
                0.6084353929441023
              ]
            ],
            "rotation_euler": [
              -0.7622975535771207,
              0.5712045180331151,
              0.7558594014081366
            ],
            "density": 1.1828840718443854,
            "volume": 1.0909714128675219
          }
        ]
      }
    ]
  }
}