{
  "id": "sample-03",
  "ref1_path": "sample_000002/1.ply",
  "ref2_path": "sample_000002/2.ply",
  "cand1_path": "sample_000002/3.ply",
  "cand2_path": "sample_000002/4.ply",
  "cand3_path": "sample_000002/5.ply",
  "cand4_path": "sample_000002/6.ply",
  "gt_option": "A",
  "point_count": 4096,
  "cand1_reason": "符合原规则的正确延续",
  "cand2_reason": "平移参与对象，派生 sym(S) 不再符合 discrete+rigid 模式变换",
  "cand3_reason": "平移参与对象，派生 sym(S) 不再符合 discrete+rigid 模式变换",
  "cand4_reason": "平移参与对象，派生 sym(S) 不再符合 discrete+rigid 模式变换",
  "rule_id": "R3-4",
  "rule_meta": {
    "rule_id": "R3-4",
    "rule_group": "R3",
    "difficulty": "complex",
    "K_R": 3,
    "M_t": [
      3,
      3,
      3
    ],
    "involved_indices": [
      0,
      1,
      2
    ],
    "base_attrs_used": [
      "p"
    ],
    "derived_funcs": [
      "sym(S)"
    ],
    "pattern_type": "discrete+rigid",
    "pattern_params": {
      "theta": 0.3681338427557017,
      "translation": [
        0.3335778811142702,
        0.3916827263555904,
        0.38514291544288376
      ]
    },
    "v": {
      "v1": [
        0
      ],
      "v2": [
        0
      ],
      "v3": [
        0
      ]
    },
    "frames": [
      {
        "objects": [
          {
            "shape": "cone",
            "r": [
              0.8482880441932645,
              0.7847479341406189,
              1.1020371095889616
            ],
            "p": [
              -0.6,
              0.2,
              0.0
            ],
            "R": [
              [
                0.9878265514921215,
                -0.04071009266687099,
                0.1501379116753589
              ],
              [
                0.12216904788936754,
                0.8004992705628969,
                -0.5867500673762854
              ],
              [
                -0.09629863916478007,
                0.5979495013655625,
                0.7957279471727048
              ]
            ],
            "rotation_euler": [
              0.6444282506186045,
              0.09644810013027749,
              0.12304976742230667
            ],
            "density": 0.8776519091563175,
            "volume": 0.7336176074082748
          },
          {
            "shape": "cone",
            "r": [
              1.0140608364369519,
              0.7533613841477631,
              1.2891656158760236
            ],
            "p": [
              0.6,
              -0.1,
              0.0
            ],
            "R": [
              [
                0.9506028212792561,
                0.29645500280955556,
                -0.0920255806018359
              ],
              [
                -0.2766912314153876,
                0.674870983529611,
                -0.6840987633723745
              ],
              [
                -0.1406991067269263,
                0.6757688857138675,
                0.7235607607293827
              ]
            ],
            "rotation_euler": [
              0.7512580265320401,
              0.14116751037550235,
              -0.28324342338085595
            ],
            "density": 0.875003086291114,
            "volume": 0.9848635838803584
          },
          {
            "shape": "cylinder",
            "r": [
              1.1035159803501216,
              0.817064439074083,
              1.0466127355107155
            ],
            "p": [
              0.0,
              0.45,
              0.0
            ],
            "R": [
              [
                0.810722249006533,
                0.4855525195678794,
                0.3270599114949326
              ],
              [
                -0.4503084701182782,
                0.8742074977795669,
                -0.18161369046887524
              ],
              [
                -0.37410121184717493,
                -3.958879499965267e-05,
                0.9273878809469113
              ]
            ],
            "rotation_euler": [
              -4.26884972177799e-05,
              0.3834274238370772,
              -0.5070110504500218
            ],
            "density": 0.9552266927138077,
            "volume": 0.9436717431986454
          }
        ]
      },
      {
        "objects": [
          {
            "shape": "cone",
            "r": [
              0.8482880441932645,
              0.7847479341406189,
              1.1020371095889616
            ],
            "p": [
              -0.5,
              0.0,
              0.0
            ],
            "R": [
              [
                0.9878265514921215,
                -0.04071009266687099,
                0.1501379116753589
              ],
              [
                0.12216904788936754,
                0.8004992705628969,
                -0.5867500673762854
              ],
              [
                -0.09629863916478007,
                0.5979495013655625,
                0.7957279471727048
              ]
            ],
            "rotation_euler": [
              0.6444282506186045,
              0.09644810013027749,
              0.12304976742230667
            ],
            "density": 0.8776519091563175,
            "volume": 0.7336176074082748
          },
          {
            "shape": "cone",
            "r": [
              1.0140608364369519,
              0.7533613841477631,
              1.2891656158760236
            ],
            "p": [
              0.5,
              0.0,
              0.0
            ],
            "R": [
              [
                0.9506028212792561,
                0.29645500280955556,
                -0.0920255806018359
              ],
              [
                -0.2766912314153876,
                0.674870983529611,
                -0.6840987633723745
              ],
              [
                -0.1406991067269263,
                0.6757688857138675,
                0.7235607607293827
              ]
            ],
            "rotation_euler": [
              0.7512580265320401,
              0.14116751037550235,
              -0.28324342338085595
            ],
            "density": 0.875003086291114,
            "volume": 0.9848635838803584
          },
          {
            "shape": "cylinder",
            "r": [
              1.1035159803501216,
              0.817064439074083,
              1.0466127355107155
            ],
            "p": [
              0.0,
              0.45,
              0.0
            ],
            "R": [
              [
                0.810722249006533,
                0.4855525195678794,
                0.3270599114949326
              ],
              [
                -0.4503084701182782,
                0.8742074977795669,
                -0.18161369046887524
              ],
              [
                -0.37410121184717493,
                -3.958879499965267e-05,
                0.9273878809469113
              ]
            ],
            "rotation_euler": [
              -4.26884972177799e-05,
              0.3834274238370772,
              -0.5070110504500218
            ],
            "density": 0.9552266927138077,
            "volume": 0.9436717431986454
          }
        ]
      },
      {
        "objects": [
          {
            "shape": "cone",
            "r": [
              0.8482880441932645,
              0.7847479341406189,
              1.1020371095889616
            ],
            "p": [
              -0.132922395404659,
              0.3916827263555904,
              0.20520544850572092
            ],
            "R": [
              [
                0.9878265514921215,
                -0.04071009266687099,
                0.1501379116753589
              ],
              [
                0.12216904788936754,
                0.8004992705628969,
                -0.5867500673762854
              ],
              [
                -0.09629863916478007,
                0.5979495013655625,
                0.7957279471727048
              ]
            ],
            "rotation_euler": [
              0.6444282506186045,
              0.09644810013027749,
              0.12304976742230667
            ],
            "density": 0.8776519091563175,
            "volume": 0.7336176074082748
          },
          {
            "shape": "cone",
            "r": [
              1.0140608364369519,
              0.7533613841477631,
              1.2891656158760236
            ],
            "p": [
              0.8000781576331994,
              0.3916827263555904,
              0.5650803823800465
            ],
            "R": [
              [
                0.9506028212792561,
                0.29645500280955556,
                -0.0920255806018359
              ],
              [
                -0.2766912314153876,
                0.674870983529611,
                -0.6840987633723745
              ],
              [
                -0.1406991067269263,
                0.6757688857138675,
                0.7235607607293827
              ]
            ],
            "rotation_euler": [
              0.7512580265320401,
              0.14116751037550235,
              -0.28324342338085595
            ],
            "density": 0.875003086291114,
            "volume": 0.9848635838803584
          },
          {
            "shape": "cylinder",
            "r": [
              1.1035159803501216,
              0.817064439074083,
              1.0466127355107155
            ],
            "p": [
              0.3335778811142702,
              0.8416827263555904,
              0.38514291544288376
            ],
            "R": [
              [
                0.810722249006533,
                0.4855525195678794,
                0.3270599114949326
              ],
              [
                -0.4503084701182782,
                0.8742074977795669,
                -0.18161369046887524
              ],
              [
                -0.37410121184717493,
                -3.958879499965267e-05,
                0.9273878809469113
              ]
            ],
            "rotation_euler": [
              -4.26884972177799e-05,
              0.3834274238370772,
              -0.5070110504500218
            ],
            "density": 0.9552266927138077,
            "volume": 0.9436717431986454
          }
        ]
      }
    ]
  }
}